000000000000000000000100000000000010000000000000110000000000010000000000000101000000000001100000000000011100000000001000000000
000000000000010000000100000100000010000001000000110000010000010000000100000101000001000001100000010000011100000100001000000001
000000000000100000000100001000000010000010000000110000100000010000001000000101000010000001100000100000011100001000001000000010
000000000000110000000100001100000010000011000000110000110000010000001100000101000011000001100000110000011100001100001000000011
000000000001000000000100010000000010000100000000110001000000010000010000000101000100000001100001000000011100010000001000000100
000000000001010000000100010100000010000101000000110001010000010000010100000101000101000001100001010000011100010100001000000101
000000000001100000000100011000000010000110000000110001100000010000011000000101000110000001100001100000011100011000001000000110
000000000001110000000100011100000010000111000000110001110000010000011100000101000111000001100001110000011100011100001000000111
000000000010000000000100100000000010001000000000110010000000010000100000000101001000000001100010000000011100100000001000001000
000000000010010000000100100100000010001001000000110010010000010000100100000101001001000001100010010000011100100100001000001001
000000000010100000000100101000000010001010000000110010100000010000101000000101001010000001100010100000011100101000001000001010
000000000010110000000100101100000010001011000000110010110000010000101100000101001011000001100010110000011100101100001000001011
000000000011000000000100110000000010001100000000110011000000010000110000000101001100000001100011000000011100110000001000001100
000000000011010000000100110100000010001101000000110011010000010000110100000101001101000001100011010000011100110100001000001101
000000000011100000000100111000000010001110000000110011100000010000111000000101001110000001100011100000011100111000001000001110
000000000011110000000100111100000010001111000000110011110000010000111100000101001111000001100011110000011100111100001000001111
000000000100000000000101000000000010010000000000110100000000010001000000000101010000000001100100000000011101000000001000010000
000000000100010000000101000100000010010001000000110100010000010001000100000101010001000001100100010000011101000100001000010001
000000000100100000000101001000000010010010000000110100100000010001001000000101010010000001100100100000011101001000001000010010
000000000100110000000101001100000010010011000000110100110000010001001100000101010011000001100100110000011101001100001000010011
000000000101000000000101010000000010010100000000110101000000010001010000000101010100000001100101000000011101010000001000010100
000000000101010000000101010100000010010101000000110101010000010001010100000101010101000001100101010000011101010100001000010101
000000000101100000000101011000000010010110000000110101100000010001011000000101010110000001100101100000011101011000001000010110
000000000101110000000101011100000010010111000000110101110000010001011100000101010111000001100101110000011101011100001000010111
000000000110000000000101100000000010011000000000110110000000010001100000000101011000000001100110000000011101100000001000011000
000000000110010000000101100100000010011001000000110110010000010001100100000101011001000001100110010000011101100100001000011001
000000000110100000000101101000000010011010000000110110100000010001101000000101011010000001100110100000011101101000001000011010
000000000110110000000101101100000010011011000000110110110000010001101100000101011011000001100110110000011101101100001000011011
000000000111000000000101110000000010011100000000110111000000010001110000000101011100000001100111000000011101110000001000011100
000000000111010000000101110100000010011101000000110111010000010001110100000101011101000001100111010000011101110100001000011101
000000000111100000000101111000000010011110000000110111100000010001111000000101011110000001100111100000011101111000001000011110
000000000111110000000101111100000010011111000000110111110000010001111100000101011111000001100111110000011101111100001000011111
000000001000000000000110000000000010100000000000111000000000010010000000000101100000000001101000000000011110000000001000100000
000000001000010000000110000100000010100001000000111000010000010010000100000101100001000001101000010000011110000100001000100001
000000001000100000000110001000000010100010000000111000100000010010001000000101100010000001101000100000011110001000001000100010
000000001000110000000110001100000010100011000000111000110000010010001100000101100011000001101000110000011110001100001000100011
000000001001000000000110010000000010100100000000111001000000010010010000000101100100000001101001000000011110010000001000100100
000000001001010000000110010100000010100101000000111001010000010010010100000101100101000001101001010000011110010100001000100101
000000001001100000000110011000000010100110000000111001100000010010011000000101100110000001101001100000011110011000001000100110
000000001001110000000110011100000010100111000000111001110000010010011100000101100111000001101001110000011110011100001000100111
000000001010000000000110100000000010101000000000111010000000010010100000000101101000000001101010000000011110100000001000101000
000000001010010000000110100100000010101001000000111010010000010010100100000101101001000001101010010000011110100100001000101001
000000001010100000000110101000000010101010000000111010100000010010101000000101101010000001101010100000011110101000001000101010
000000001010110000000110101100000010101011000000111010110000010010101100000101101011000001101010110000011110101100001000101011
000000001011000000000110110000000010101100000000111011000000010010110000000101101100000001101011000000011110110000001000101100
000000001011010000000110110100000010101101000000111011010000010010110100000101101101000001101011010000011110110100001000101101
000000001011100000000110111000000010101110000000111011100000010010111000000101101110000001101011100000011110111000001000101110
000000001011110000000110111100000010101111000000111011110000010010111100000101101111000001101011110000011110111100001000101111
000000001100000000000111000000000010110000000000111100000000010011000000000101110000000001101100000000011111000000001000110000
000000001100010000000111000100000010110001000000111100010000010011000100000101110001000001101100010000011111000100001000110001
000000001100100000000111001000000010110010000000111100100000010011001000000101110010000001101100100000011111001000001000110010
000000001100110000000111001100000010110011000000111100110000010011001100000101110011000001101100110000011111001100001000110011
000000001101000000000111010000000010110100000000111101000000010011010000000101110100000001101101000000011111010000001000110100
000000001101010000000111010100000010110101000000111101010000010011010100000101110101000001101101010000011111010100001000110101
000000001101100000000111011000000010110110000000111101100000010011011000000101110110000001101101100000011111011000001000110110
000000001101110000000111011100000010110111000000111101110000010011011100000101110111000001101101110000011111011100001000110111
000000001110000000000111100000000010111000000000111110000000010011100000000101111000000001101110000000011111100000001000111000
000000001110010000000111100100000010111001000000111110010000010011100100000101111001000001101110010000011111100100001000111001
000000001110100000000111101000000010111010000000111110100000010011101000000101111010000001101110100000011111101000001000111010
000000001110110000000111101100000010111011000000111110110000010011101100000101111011000001101110110000011111101100001000111011
000000001111000000000111110000000010111100000000111111000000010011110000000101111100000001101111000000011111110000001000111100
000000001111010000000111110100000010111101000000111111010000010011110100000101111101000001101111010000011111110100001000111101
000000001111100000000111111000000010111110000000111111100000010011111000000101111110000001101111100000011111111000001000111110
000000001111110000000111111100000010111111000000111111110000010011111100000101111111000001101111110000011111111100001000111111
