#time0row7[msb-lsb],time0row6[msb-lst],....,time0row0[msb-lst]#
#time1row7[msb-lsb],time1row6[msb-lst],....,time1row0[msb-lst]#
#................#
10100000000000000000000000000011
01100000000000100000000000000011
11100000000010010000000000000011
00000000000000000000000000000000
00000000000000000000000000000000
00010000000001010000000000000001
10100000000000000000000000000010
00000000000011000000000000000100
10000000000001010000000000010101
10110000000000010000000000100101
10000000000000110000000000100100
10000000000000100000000000100100
01110000000000100000000000100100
01110000000000100000000000100100
01110000000000110000000000110101
01110000000001110000000001000101
00000000000000000000000001000011
00000000000000100000000000110010
00000000000000000000000000010001
00000000000000000000000000000000
00000000000001100000000000000000
01010001000001000000000000000000
10110001000010010000000000000001
11110000000010110000000100000001
11110001000000100000000000000000
11110010000000010000000000000000
10000010000000100000000000000000
01010011000000010000000000000000
10000010000000110000000000000000
11110010000000000000000000000000
00100011000000000000000000000000
00000010000000100000000000000000
00010000000010110000000000000001
10100000000010100000000000000011
11110000000000000000000000000011
10010000000000100000000000000011
11010000000010000000000000000011
00000000000000000000000000000000
00000000000000000000000000000000
00110000000000110000000000000000
00000010000000000000000000000000
00000000000011010000000000000001
01100000000011100000000000000011
11110000000001000000000000010100
10010000000000110000000000100100
10000000000000110000000000100100
10000000000000110000000000100100
10100000000000010000000000100100
10000000000000110000000000100100
01110000000000100000000000100100
00000000000000110000000000100011
01100000000001000000000000010010
11100000000000000000000000000000
01110010000000000000000000000000
10010001000001100000000000000000
11110010000000100000000000000000
10110010000001000000000000000000
11000000000011100000000100000001
11110001000001100000000000000000
11110010000000000000000000000000
00000010000000000000000000000000
00000010000001010000000000000000
11000001000001000000000000000000
10000010000000000000000000000000
